1 1
1 2
1 3
1 4
1 5
2 1
2 2
2 3
2 4
2 5
3 1
3 2
3 3
3 4
3 5
4 1
4 2
4 6
4 8
4 9
5 1
5 2
5 8
5 10
5 11
6 1
6 2
6 12
7 10
7 13
7 14
8 10
8 13
8 14
9 10
9 13
9 14
10 15
11 1
11 2
11 16
11 17
12 1
12 2
12 16
12 17
13 1
13 2
13 16
13 17
14 1
14 2
14 16
14 17
15 1
15 2
15 16
16 1
16 2
16 18
16 19
16 20
17 1
17 2
17 11
17 21
17 22
17 23
17 24
18 1
18 2
19 1
19 2
20 15
21 13
22 13
22 18
22 25
23 13
23 18
23 25
24 13
24 18
24 25
24 26
25 1
25 2
25 27
25 28
25 29
26 25
27 25
28 25
29 25
29 28
30 1
30 2
30 13
31 1
31 2
31 13
32 15
33 13
33 31
34 1
34 2
34 14
34 21
34 22
34 32
34 33
34 34
34 35
35 1
35 2
35 3
35 12
35 21
35 22
35 36
36 1
36 2
36 15
36 21
36 22
36 23
36 24
36 32
36 34
36 37
37 1
37 2
37 15
37 21
37 22
37 23
37 24
37 32
37 34
37 37
38 1
38 11
38 21
38 22
38 38
38 39
40 1
40 2
40 6
40 21
40 22
40 23
40 41
40 42
40 43
40 44
41 1
41 2
41 6
41 21
41 22
41 23
41 41
41 42
41 43
41 44
42 1
42 2
42 8
42 10
42 11
43 1
43 2
43 8
43 10
43 11
44 1
44 2
44 12
45 15
46 10
46 13
46 14
47 10
47 13
47 14
48 1
48 2
48 16
48 17
49 1
49 2
49 16
50 1
50 2
50 18
50 19
50 20
51 15
52 13
53 1
53 2
53 13
54 1
54 2
54 13
55 15
55 30
56 1
56 2
56 14
56 21
56 22
56 32
56 33
56 34
56 35
57 1
57 2
57 15
57 24
58 1
58 2
58 15
58 24
59 1
59 45
59 46
59 47
60 1
60 2
60 3
60 12
60 21
60 22
60 36
61 40
